[1, 9, 10, 16, 17, 21, 25, 28, 29]
[1, 9, 10, 16, 15, 19, 23, 26, 30, 29]
[1, 2, 8, 11, 12, 14, 19, 23, 26, 30, 29]
[1, 9, 10, 16, 17, 22, 25, 28, 29]
[1, 2, 8, 11, 15, 17, 22, 25, 28, 29]
[1, 9, 10, 16, 17, 22, 25, 28, 29]
[1, 9, 10, 16, 17, 22, 23, 26, 30, 29]
[1, 9, 10, 8, 11, 14, 19, 24, 27, 30, 29]
[1, 9, 10, 16, 17, 22, 23, 27, 30, 29]
[1, 9, 10, 16, 17, 21, 25, 28, 29]
[1, 9, 10, 16, 17, 21, 25, 28, 29]
[1, 2, 8, 11, 16, 17, 22, 25, 28, 29]
[1, 9, 10, 16, 11, 14, 19, 23, 27, 30, 29]
[1, 9, 10, 16, 17, 22, 25, 28, 29]
[1, 9, 10, 16, 15, 19, 23, 26, 30, 29]
[1, 9, 10, 8, 11, 15, 17, 21, 25, 28, 29]
[1, 9, 10, 16, 17, 22, 25, 28, 25, 28, 29]
[1, 9, 10, 16, 17, 22, 25, 28, 29]
[1, 9, 10, 16, 17, 21, 25, 28, 29]
[1, 2, 3, 6, 7, 12, 14, 19, 18, 23, 26, 30, 29]
[1, 2, 8, 11, 15, 19, 23, 26, 30, 29]
[1, 2, 8, 11, 15, 18, 22, 25, 28, 29]
[1, 9, 10, 16, 17, 18, 23, 26, 30, 29]
[1, 9, 10, 16, 17, 21, 25, 28, 29]
[1, 2, 8, 10, 16, 17, 22, 25, 28, 29]
[1, 2, 8, 10, 16, 17, 18, 23, 27, 30, 29]
[1, 9, 10, 16, 17, 18, 22, 25, 28, 29]
[1, 2, 8, 11, 14, 19, 23, 26, 23, 26, 30, 29]
[1, 9, 10, 8, 7, 12, 14, 19, 24, 27, 30, 29]
[1, 2, 8, 11, 15, 17, 21, 25, 28, 29]
[1, 2, 8, 11, 15, 19, 23, 27, 30, 29]
[1, 9, 10, 16, 17, 22, 25, 26, 30, 29]
[1, 9, 10, 16, 17, 21, 25, 28, 29]
[1, 2, 8, 10, 16, 17, 18, 23, 27, 30, 29]
[1, 2, 8, 11, 16, 17, 22, 25, 28, 29]
[1, 9, 10, 16, 17, 18, 23, 26, 30, 29]
[1, 9, 10, 16, 17, 21, 25, 28, 29]
[1, 2, 8, 11, 15, 19, 23, 27, 30, 29]
[1, 2, 8, 11, 15, 17, 22, 25, 28, 29]
[1, 2, 8, 11, 15, 19, 24, 27, 30, 29]
[1, 2, 8, 11, 14, 19, 18, 23, 27, 30, 29]
[1, 2, 8, 11, 15, 18, 22, 25, 28, 29]
[1, 9, 10, 16, 17, 21, 25, 28, 29]
[1, 2, 8, 11, 16, 17, 21, 25, 28, 29]
[1, 9, 10, 16, 17, 22, 25, 28, 29]
[1, 9, 10, 16, 17, 15, 19, 23, 26, 30, 29]
[1, 2, 8, 10, 16, 17, 22, 25, 28, 29]
[1, 9, 10, 16, 17, 18, 23, 22, 25, 28, 29]
[1, 2, 8, 10, 16, 17, 22, 23, 26, 30, 29]
[1, 2, 8, 10, 16, 17, 18, 23, 26, 30, 29]
[1, 9, 10, 16, 17, 18, 23, 26, 30, 29]
[1, 9, 10, 16, 17, 18, 23, 26, 30, 29]
[1, 9, 10, 16, 17, 22, 25, 26, 30, 29]
[1, 9, 10, 16, 17, 18, 23, 26, 30, 29]
[1, 9, 10, 8, 11, 15, 17, 22, 25, 28, 29]
[1, 9, 10, 16, 17, 22, 25, 28, 29]
[1, 9, 10, 16, 11, 15, 17, 22, 25, 28, 29]
[1, 2, 8, 11, 15, 18, 22, 25, 28, 29]
[1, 9, 10, 16, 17, 21, 25, 28, 29]
[1, 9, 10, 16, 17, 22, 25, 28, 29]
[1, 2, 8, 10, 16, 17, 21, 25, 28, 29]
[1, 2, 3, 4, 8, 11, 15, 18, 22, 25, 28, 29]
[1, 9, 10, 16, 17, 21, 25, 28, 29]
[1, 2, 8, 7, 12, 14, 19, 23, 26, 30, 29]
[1, 2, 8, 11, 16, 17, 22, 25, 28, 29]
[1, 2, 8, 10, 16, 15, 18, 23, 27, 30, 29]
[1, 9, 10, 16, 17, 22, 23, 27, 30, 29]
[1, 2, 8, 11, 16, 17, 22, 23, 27, 30, 29]
[1, 9, 10, 16, 17, 18, 22, 25, 28, 29]
[1, 9, 10, 16, 17, 21, 25, 28, 29]
[1, 2, 8, 11, 16, 17, 22, 25, 28, 29]
[1, 9, 10, 16, 17, 22, 25, 28, 29]
[1, 2, 8, 11, 15, 18, 23, 27, 30, 29]
[1, 9, 10, 16, 17, 22, 23, 27, 23, 27, 30, 29]
[1, 9, 10, 16, 17, 22, 23, 26, 30, 29]
[1, 2, 3, 5, 4, 8, 10, 16, 17, 21, 25, 26, 30, 29]
[1, 2, 8, 7, 12, 14, 19, 23, 22, 25, 28, 29]
[1, 9, 10, 16, 17, 18, 23, 26, 30, 29]
[1, 9, 10, 16, 17, 22, 25, 28, 29]
[1, 2, 8, 10, 16, 17, 22, 25, 28, 29]
[1, 2, 8, 7, 12, 14, 15, 17, 21, 25, 28, 29]
[1, 2, 8, 11, 15, 19, 18, 23, 27, 30, 29]
[1, 2, 8, 10, 16, 17, 21, 25, 28, 29]
[1, 2, 8, 10, 16, 17, 18, 23, 27, 30, 29]
[1, 9, 10, 16, 15, 18, 23, 26, 30, 29]
[1, 9, 10, 16, 17, 22, 25, 28, 29]
[1, 9, 10, 16, 15, 18, 23, 27, 30, 29]
[1, 2, 8, 11, 16, 17, 21, 25, 28, 29]
[1, 9, 10, 16, 17, 18, 23, 26, 30, 29]
[1, 2, 8, 11, 16, 17, 21, 25, 28, 29]
[1, 2, 8, 11, 15, 18, 22, 25, 28, 29]
[1, 9, 10, 16, 17, 22, 25, 28, 29]
[1, 2, 8, 11, 14, 19, 23, 26, 30, 29]
[1, 2, 8, 10, 16, 17, 22, 25, 28, 29]
[1, 2, 3, 4, 10, 16, 17, 18, 23, 26, 30, 29]
[1, 9, 10, 16, 17, 22, 25, 28, 29]
[1, 2, 8, 11, 16, 11, 16, 17, 22, 25, 28, 29]
[1, 2, 8, 11, 15, 18, 22, 25, 28, 29]
[1, 2, 8, 11, 15, 18, 23, 27, 30, 29]
[1, 2, 8, 11, 16, 17, 22, 23, 26, 30, 29]
[1, 9, 10, 16, 17, 22, 25, 28, 29]
[1, 9, 10, 16, 17, 22, 25, 28, 29]
[1, 9, 10, 16, 17, 21, 25, 22, 21, 25, 28, 29]
[1, 2, 8, 11, 16, 15, 14, 19, 23, 27, 30, 29]
[1, 2, 8, 11, 15, 18, 23, 27, 30, 29]
[1, 9, 10, 16, 17, 22, 25, 28, 29]
[1, 2, 8, 11, 16, 17, 22, 25, 28, 29]
[1, 2, 8, 11, 16, 17, 22, 25, 28, 29]
[1, 2, 8, 11, 16, 17, 22, 25, 28, 29]
[1, 2, 8, 11, 15, 17, 22, 25, 28, 29]
[1, 9, 10, 16, 17, 21, 25, 28, 29]
[1, 9, 10, 16, 17, 22, 25, 26, 30, 29]
[1, 2, 8, 10, 16, 17, 22, 23, 27, 30, 29]
[1, 9, 10, 16, 17, 22, 25, 28, 29]